Number of patents per year for patents in the index

$ cd /home/j/corpuswork/fuse/FUSEData/lists
$ cut -f9 -d'/' ln_cn.all.shuffled.txt |sort |uniq -c
    212 1985
   8198 1986
  15045 1987
  21695 1988
  46019 1989
  54056 1990
  57692 1991
  75401 1992
  64676 1993
  55930 1994
  50499 1995
  55371 1996
  61564 1997
  69967 1998
  96678 1999
 106394 2000
 123371 2001
 139659 2002
 182465 2003
 215294 2004
 289221 2005
 335042 2006
 420098 2007
 509747 2008
 616909 2009
 771398 2010
 679574 2011
